00000000
00000000
00000000
00000000
00000000
00000000
00000000
00000000
00000000
00000000
00000000
00000000
80000000
0000000F
00000000
00000000
00000000
00000000
FC000000
000001F9
00000000
00000000
00000000
00000000
01FC7F00
001FC000
00000000
00000000
00000000
00000000
00000000
03F9FC00
00000000
00000000
00000000
00000000
7E000000
600001FC
00000030
00000000
00000000
00000000
00000000
70000000
00000700
00000000
00000000
00000000
00000000
00707C00
00306000
00000000
00000000
00000000
00000000
00000000
06007000
00000000
00000000
00000000
00000000
60000000
60000070
00000030
00000000
00000000
00000000
00000000
70000000
00000600
00000000
00000000
00000000
00000000
00706000
00306000
00000000
00000000
00000000
00000000
00000000
07007000
00000000
00000000
00000000
00000000
60000000
60000070
00000030
00000000
00000000
00000000
00000000
70000000
000003F8
00000000
00000000
00000000
00000000
00707C00
00306000
00000000
00000000
00000000
00000000
00000000
00F87000
00000000
00000000
00000000
00000000
7C000000
60000070
00000030
00000000
00000000
00000000
00000000
70000000
00000038
00000000
00000000
00000000
00000000
00706000
00306000
00000000
00000000
00000000
00000000
00000000
00387000
00000000
00000000
00000000
00000000
60000000
60000070
00000030
00000000
00000000
00000000
00000000
70000000
00000038
00000000
00000000
00000000
00000000
00706000
001FC000
00000000
00000000
00000000
00000000
00000000
07F87800
00000000
00000000
00000000
00000000
7E000000
80000078
0000000F
00000000
00000000
00000000
00000000
7C000000
000007F8
00000000
00000000
00000000
00000000
0C7C7F00
00000000
00000000
00000000
00000000
00000000
00000000
00000000
00000000
00000000
00000000
00000000
00000000
00001800
0000001C
00000000
00000000
00000000
00000000
80000000
00000003
00000000
00000000
00000000
00000000
30E00000
001C0000
00000000
00000000
00000000
00000000
00000000
00038000
00000000
00000000
00000000
00000000
00000000
000060E0
0000001C
00000000
00000000
00000000
00000000
80000000
00000003
00000000
00000000
00000000
00000000
C0E00000
FFFF8000
FFFFFFFF
FFFFFFFF
FFFFFFFF
FFFFFFFF
FFFFFFFF
FFFFFFFF
FFFFFFFF
FFFFFFFF
FFFFFFFF
FFFFFFFF
FFFFFFFF
8000FFFF
FFFFFFFF
FFFFFFFF
FFFFFFFF
FFFFFFFF
FFFFFFFF
FFFFFFFF
FFFFFFFF
FFFFFFFF
FFFFFFFF
FFFFFFFF
FFFFFFFF
FFFFFFFF
