00000000
00000000
00000000
00000000
00000000
00000000
00000000
00000000
00000000
00000000
00000000
00000000
00000000
000003E0
00000000
00000000
00000000
00000000
7F000000
0000007E
00000000
00000000
00000000
00000000
3F980000
07F00000
00000000
00000000
00000000
00000000
00000000
00FE7F00
00000000
00000000
00000000
00000000
00000000
00003F98
00000C18
00000000
00000000
00000000
00000000
1C000000
000001C0
00000000
00000000
00000000
00000000
0E180000
0C180000
00000000
00000000
00000000
00000000
00000000
01801C00
00000000
00000000
00000000
00000000
00000000
00000E18
00000C18
00000000
00000000
00000000
00000000
1C000000
00000180
00000000
00000000
00000000
00000000
0E1FC000
0C180000
00000000
00000000
00000000
00000000
00000000
01C01C00
00000000
00000000
00000000
00000000
C0000000
00000E1F
00000C18
00000000
00000000
00000000
00000000
1C000000
000000FE
00000000
00000000
00000000
00000000
0E18C000
0C180000
00000000
00000000
00000000
00000000
00000000
003E1C00
00000000
00000000
00000000
00000000
C0000000
00000E18
00000C18
00000000
00000000
00000000
00000000
1C000000
0000000E
00000000
00000000
00000000
00000000
0E18C000
0C180000
00000000
00000000
00000000
00000000
00000000
000E1C00
00000000
00000000
00000000
00000000
C0000000
00000E18
00000C18
00000000
00000000
00000000
00000000
1C000000
0000000E
00000000
00000000
00000000
00000000
0E18C000
07F00000
00000000
00000000
00000000
00000000
00000000
01FE1E00
00000000
00000000
00000000
00000000
00000000
00000F18
000003E0
00000000
00000000
00000000
00000000
1F000000
000001FE
00000000
00000000
00000000
00000000
0F800000
00000000
00000000
00000000
00000000
00000000
00000000
00000000
00000000
00000000
00000000
00000000
00000000
00001800
0000001C
00000000
00000000
00000000
00000000
80000000
00000003
00000000
00000000
00000000
00000000
30E00000
001C0000
00000000
00000000
00000000
00000000
00000000
00038000
00000000
00000000
00000000
00000000
00000000
000060E0
0000001C
00000000
00000000
00000000
00000000
80000000
00000003
00000000
00000000
00000000
00000000
C0E00000
FFFF8000
FFFFFFFF
FFFFFFFF
FFFFFFFF
FFFFFFFF
FFFFFFFF
FFFFFFFF
FFFFFFFF
FFFFFFFF
FFFFFFFF
FFFFFFFF
FFFFFFFF
8000FFFF
FFFFFFFF
FFFFFFFF
FFFFFFFF
FFFFFFFF
FFFFFFFF
FFFFFFFF
FFFFFFFF
FFFFFFFF
FFFFFFFF
FFFFFFFF
FFFFFFFF
FFFFFFFF
